	Time 1	Time 2	Time 3	Time 4	Time 5
Species	0	2720	2991	5578	5880
3	0.030	0.130	0.127	0.235	0.275
4	0.031	0.239	0.242	0.319	0.366
6	0.026	0.204	0.220	0.335	0.325
7	0.040	0.188	0.197	0.246	0.291
8	0.005	0.070	0.092	0.152	0.174
11	0.041	0.156	0.149	0.196	0.224
12	0.045	0.157	0.170	0.226	0.300
17	0.055	0.201	0.231	0.282	0.294
18	0.056	0.151	0.153	0.197	0.244
19	0.035	0.106	0.099	0.167	0.181
20	0.076	0.174	0.156	0.206	0.254
21	0.011	0.026	0.019	0.105	0.081
22	0.060	0.148	0.147	0.188	0.243
23	0.017	0.154	0.125	0.178	0.207
24	0.044	0.132	0.125	0.182	0.195
25	0.043	-0.057	-0.068	0.152	0.184
26	0.021	0.337	0.336	0.433	0.464
32	0.021	0.182	0.155	0.222	0.259
33	0.037	0.173	0.169	0.232	0.271
37	0.048	0.168	0.155	0.236	0.263
38	0.015	0.113	0.106	0.157	0.202
41	0.028	0.179	0.176	0.261	0.253
